101011101
100111101
100111101
100111101
101000000
101000110
101001000
000001000
001001011
110100001
111100011
101001000
101001000
000001001
001001011
110100001
111001001
011101000
011101101
101100001
101100101
011110000
011110101
110000001
110000101
111101010
110100011
111101110
110101000
001010001
001101011
111001010
111101110
111000010
111001101
111010100
111010001
110111100
111110000
111101000
101110001
101011000
000101010
111000011
111110100
111101100
101110101
101011000
000101110
000110001
000001011
110100001
111000010
111110000
111101000
101110001
101011000
101011000
000101010
111000010
111001111
111010011
111010011
101001110
101001110
000101111
011110111
101101101
011111011
001011000
001110110
110100011
101101100
011010011
110001101
011001011
101101101
101101101
011110111
101101101
011111011
001011000
001110110
110100001
111000010
011010011
110001101
011001011
101100110
111010010
101100010
101000100
000000100
101100110
111010000
000000000
000000000
000000000
000000000
000000000
000000000
000000000
000000000
000000000
000000000
000000000
000000000
000000000
000000000
000000000
000000000
000000000
000000000
000000000
000000000
000000000
000000000
000000000
000000000
000000000
000000000
000000000
000000000
000000000
000000000
000000000
000000000
000000000
000000000
000000000
000000000
000000000
000000000
000000000
000000000
000000000
000000000
000000000
000000000
000000000
000000000
000000000
000000000
000000000
000000000
000000000
000000000
000000000
000000000
000000000
000000000
000000000
000000000
000000000
000000000
000000000
000000000
000000000
000000000
000000000
000000000
000000000
000000000
000000000
000000000
000000000
000000000
000000000
000000000
000000000
000000000
000000000
000000000
000000000
000000000
000000000
000000000
000000000
000000000
000000000
000000000
000000000
000000000
000000000
000000000
000000000
000000000
000000000
000000000
000000000
000000000
000000000
000000000
000000000
000000000
000000000
000000000
000000000
000000000
000000000
000000000
000000000
000000000
000000000
000000000
000000000
000000000
000000000
000000000
000000000
000000000
000000000
000000000
000000000
000000000
000000000
000000000
000000000
000000000
000000000
000000000
000000000
000000000
000000000
000000000
000000000
000000000
000000000
000000000
000000000
000000000
000000000
000000000
000000000
000000000
000000000
000000000
000000000
000000000
000000000
000000000
000000000
000000000
000000000
000000000
000000000
000000000
000000000
000000000
000000000
000000000
000000000
000000000
000000000
000000000
000000000
