101010000
101011101
100111101
100111101
100111101
101000000
101000100
000000100
000100111
101001000
000001000
001001011
110100001
111100011
101100111
101100001
011101000
101100010
011101100
110000011
010001011
011001001
110000101
101011000
101010100
101100001
011101000
101100010
011101100
110000011
010101011
000011010
000110100
101100001
011101000
101100001
011101100
111000001
111010000
110000010
010001011
000011010
000110100
101100000
011101000
101100011
011101100
110000011
010001011
000011010
000110100
011011001
110000101
101011000
000111001
101010100
101100000
011101000
101100010
011101100
110000010
010001011
000011010
000110100
101100001
011101000
101100001
011101100
110000010
111000001
111010000
010101011
000011010
000110100
101100000
011101000
101100011
011101100
110000011
010101011
000011010
000110100
011011001
110000101
101011000
000111001
101100000
011101000
101100010
011101100
110000010
010101011
000011010
011011001
011101000
111101010
110100001
111001000
101100010
011101000
101100001
111000001
111010000
011101100
110000011
011110101
101100101
011111001
001111011
011011001
001110110
110000101
011010101
101100010
011101100
110000010
111101110
110100001
111000111
101100001
011101100
110000001
011101000
101100000
011110101
101100101
011111001
001111011
011011001
001110110
110000101
011010101
101100010
101100010
111010000
000000000
000000000
000000000
000000000
000000000
000000000
000000000
000000000
000000000
000000000
000000000
000000000
000000000
000000000
000000000
000000000
000000000
000000000
000000000
000000000
000000000
000000000
000000000
000000000
000000000
000000000
000000000
000000000
000000000
000000000
000000000
000000000
000000000
000000000
000000000
000000000
000000000
000000000
000000000
000000000
000000000
000000000
000000000
000000000
000000000
000000000
000000000
000000000
000000000
000000000
000000000
000000000
000000000
000000000
000000000
000000000
000000000
000000000
000000000
000000000
000000000
000000000
000000000
000000000
000000000
000000000
000000000
000000000
000000000
000000000
000000000
000000000
000000000
000000000
000000000
000000000
000000000
000000000
000000000
000000000
000000000
000000000
000000000
000000000
000000000
000000000
000000000
000000000
000000000
000000000
000000000
000000000
000000000
000000000
000000000
000000000
000000000
000000000
000000000
000000000
000000000
000000000
000000000
000000000
000000000
000000000
000000000
000000000
000000000
000000000
000000000
000000000
000000000
000000000
000000000
000000000
000000000
000000000
000000000
000000000
000000000
